95
2 2000
10 5 50 100 100 1000 250 1100
100 1 200 2 300 3 1900 1000
3 100
10 100 40 200 70 300 100 500
5 1 25 2 35 3 50 4
200 10000 300 20000 400 30000 500 40000
1 10
100 2 200 3 300 5 400 6
1 10
10 2 11 3 12 5 13 6
1 10
9 2 10 3 11 5 12 6
1 10
8 2 9 3 10 5 11 6
1 10
7 2 8 3 9 5 11 6
1 10
7 2 8 3 9 5 10 6
2 100
30 5 35 10 45 1000 55 1100
10 10 20 20 40 40 50 50
2 100
10 11 20 41 30 63 40 90
10 20 20 40 50 117 70 145
10 100000
47 100 156 200 1000 300 52340 400
2134 123 3333 500 3456 800 43120 912
55 5 75 10 892 300 14320 330
500 100 1000 198 1789 312 21120 500
1000 47 1234 55 2123 98 31220 200
2123 200 2876 250 3312 287 41230 300
934 50 1234 100 1394 150 17820 200
512 5 1024 25 2048 125 40960 625
576 50 876 200 912 201 17360 298
1701 1 1800 2 1900 3 60870 1200
10 100000
47 100 156 200 1000 300 5234 400
2134 123 3333 500 3456 800 4312 912
55 5 75 10 892 300 1432 330
500 100 1000 198 1789 312 2112 500
1000 47 1234 55 2123 98 3122 200
2123 200 2876 250 3312 287 4123 300
934 50 1234 100 1394 150 1782 200
512 5 1024 25 2048 125 4096 625
576 50 876 200 912 201 1736 298
1701 1 1800 2 1900 3 6087 1200
10 40000
47 100 156 200 1000 300 5234 400
2134 123 3333 500 3456 800 4312 912
55 5 75 10 892 300 1432 330
500 100 1000 198 1789 312 2112 500
1000 47 1234 55 2123 98 3122 200
2123 200 2876 250 3312 287 4123 300
934 50 1234 100 1394 150 1782 200
512 5 1024 25 2048 125 4096 625
576 50 876 200 912 201 1736 298
1701 1 1800 2 1900 3 6087 1200
10 30000
47 100 156 200 1000 300 5234 400
2134 123 3333 500 3456 800 4312 912
55 5 75 10 892 300 1432 330
500 100 1000 198 1789 312 2112 500
1000 47 1234 55 2123 98 3122 200
2123 200 2876 250 3312 287 4123 300
934 50 1234 100 1394 150 1782 200
512 5 1024 25 2048 125 4096 625
576 50 876 200 912 201 1736 298
1701 1 1800 2 1900 3 6087 1200
10 25000
47 100 156 200 1000 300 5234 400
2134 123 3333 500 3456 800 4312 912
55 5 75 10 892 300 1432 330
500 100 1000 198 1789 312 2112 500
1000 47 1234 55 2123 98 3122 200
2123 200 2876 250 3312 287 4123 300
934 50 1234 100 1394 150 1782 200
512 5 1024 25 2048 125 4096 625
576 50 876 200 912 201 1736 298
1701 1 1800 2 1900 3 6087 1200
10 20000
47 100 156 200 1000 300 5234 400
2134 123 3333 500 3456 800 4312 912
55 5 75 10 892 300 1432 330
500 100 1000 198 1789 312 2112 500
1000 47 1234 55 2123 98 3122 200
2123 200 2876 250 3312 287 4123 300
934 50 1234 100 1394 150 1782 200
512 5 1024 25 2048 125 4096 625
576 50 876 200 912 201 1736 298
1701 1 1800 2 1900 3 6087 1200
10 15000
47 100 156 200 1000 300 5234 400
2134 123 3333 500 3456 800 4312 912
55 5 75 10 892 300 1432 330
500 100 1000 198 1789 312 2112 500
1000 47 1234 55 2123 98 3122 200
2123 200 2876 250 3312 287 4123 300
934 50 1234 100 1394 150 1782 200
512 5 1024 25 2048 125 4096 625
576 50 876 200 912 201 1736 298
1701 1 1800 2 1900 3 6087 1200
10 10000
47 100 156 200 1000 300 5234 400
2134 123 3333 500 3456 800 4312 912
55 5 75 10 892 300 1432 330
500 100 1000 198 1789 312 2112 500
1000 47 1234 55 2123 98 3122 200
2123 200 2876 250 3312 287 4123 300
934 50 1234 100 1394 150 1782 200
512 5 1024 25 2048 125 4096 625
576 50 876 200 912 201 1736 298
1701 1 1800 2 1900 3 6087 1200
10 5000
47 100 156 200 1000 300 5234 400
2134 123 3333 500 3456 800 4312 912
55 5 75 10 892 300 1432 330
500 100 1000 198 1789 312 2112 500
1000 47 1234 55 2123 98 3122 200
2123 200 2876 250 3312 287 4123 300
934 50 1234 100 1394 150 1782 200
512 5 1024 25 2048 125 4096 625
576 50 876 200 912 201 1736 298
1701 1 1800 2 1900 3 6087 1200
2 1464
12994 13076 18161 16377 23513 32594 54720 68232
8101 986 8790 2092 13562 83780 25563 91581
5 89885
324 1484 18115 67149 24506 93641 26793 96297
11 11998 21078 16741 22856 30438 28259 53310
7291 3974 15213 12445 19850 50026 20274 84452
1513 1254 5852 12955 18736 37385 25145 55449
1096 219 8674 17820 22350 83651 25043 89415
9 74155
281 18644 1960 22639 4119 68890 9406 97496
2046 52313 7192 53645 10068 59752 10453 92258
3936 49138 4225 51017 6288 68065 13544 68633
1256 6493 6788 33990 14911 34607 15096 37523
7049 13541 7213 14567 7979 71261 11866 76548
441 6716 2861 19529 11037 61087 15111 71001
1476 2104 1917 10457 3552 37286 11526 49114
4491 2631 14828 76319 15297 84651 15619 85849
1003 33656 10264 76288 10881 87773 13428 94141
4 22664
389 13136 6834 52214 12413 60089 14934 94200
607 14080 754 53268 10434 59550 21950 86801
11404 15279 21316 44961 22122 75964 25365 97985
2150 10137 26009 17260 32628 25138 34083 77847
7 26533
1523 33389 9199 69655 9807 78236 15593 96768
7712 4692 7835 7501 9658 44762 13511 80987
3458 24973 3889 32639 12243 73235 16529 77944
277 16630 1428 18030 16872 20936 19887 28906
4283 22476 8881 44091 10199 46478 15385 72669
9929 20657 14359 27458 16052 44897 17730 90394
1795 1830 2775 4021 2909 23241 6204 37330
9 83519
82 27878 3241 31215 4355 47978 7710 49457
5811 4427 9683 22307 11807 73531 14914 98690
1682 15736 11745 64343 13311 70114 13672 88648
2884 27704 3665 53802 5504 74553 14968 76632
4659 5394 5005 9023 5497 71973 6107 97568
1128 561 5678 25409 5967 66019 12013 75190
4084 18939 7791 19823 13865 29489 15336 72065
10477 6514 10680 7664 14723 39642 16540 54604
3796 29226 4243 40311 5310 61556 5796 83989
5 39915
4562 9885 12105 18838 15708 58652 24694 79506
2385 13657 20087 29661 23787 45726 26531 54139
1410 7907 12514 30978 21701 47453 22203 63881
388 26006 4910 37851 7317 71767 20613 99676
7458 10584 12270 32181 17786 39981 27817 94713
6 96319
3154 7103 11391 36697 15213 43064 21808 98061
3081 35229 10033 70576 11289 70668 12330 76520
10145 14143 13095 23257 19714 97369 22802 99586
4480 50105 9227 64438 10732 66698 23575 87697
3303 11294 8055 44133 9403 75815 24705 84286
4610 14330 12802 38771 14827 85268 16200 97047
7 32173
7077 23643 7335 44821 8336 56432 14909 72369
928 7339 4166 9892 6011 20274 15850 49051
2167 40486 7784 62695 11584 64337 13949 66045
333 18056 12036 45362 15587 53175 21162 70218
4290 1644 8706 33835 17628 42812 18270 96230
5481 9389 6342 38911 10662 43640 18833 83183
552 8282 2934 9011 11394 30149 15474 84381
10 63731
4483 14933 7387 57403 7679 61131 9527 71606
3021 1989 5006 27415 9051 51076 11976 59589
4016 10098 7457 35442 8841 49214 14255 95545
136 22219 965 43825 8260 47874 10856 51384
3822 18296 7139 44849 8660 54394 9408 72766
756 8523 5754 22151 13089 64873 14414 75924
1592 558 5221 6637 5261 29778 11428 81486
563 29082 762 50087 1985 84833 6657 99015
5674 27741 9297 35682 12745 60350 13336 97319
4395 21370 4702 44692 12111 62495 12303 80786
7 32877
1883 2317 6886 24763 10222 36246 11803 55619
7386 21061 11708 28138 18769 68077 21410 83987
1088 8314 10183 9871 13590 38340 16982 70052
6084 12111 7654 31812 7899 44732 13631 49066
10477 32608 18354 44567 18874 52879 20697 81246
5129 2082 7196 2737 12738 86222 14046 94864
2409 13010 7187 71822 7710 71981 15743 88447
6 30973
2978 29836 7987 32511 8039 45893 10411 65232
1320 13180 7069 19592 16725 49677 22901 92006
390 40951 2659 53776 3361 60726 16347 68765
5106 8126 6050 12430 19284 12647 22021 12949
217 20242 1653 36762 2840 77235 5071 84897
804 20396 1565 75637 15058 89810 15536 99265
7 68850
4278 3299 16659 73162 19214 76376 20880 81536
8251 13618 19142 15612 20264 20530 20497 53388
1019 11173 7388 42269 7906 54062 17620 68897
813 9817 6853 22288 15216 73441 16641 74750
4716 12832 6085 20249 17184 48342 18701 74978
11075 29399 13291 30818 17717 73551 19701 83212
3923 14655 6047 23176 9598 35809 11895 81751
7 48427
1415 514 1710 26409 11403 44370 15255 59962
5467 11735 10056 36952 11631 43422 12550 46957
158 14297 8728 34087 9451 61305 10249 92836
1452 22577 12717 34035 18846 42803 21035 46858
3259 27073 3877 46942 8078 48618 11159 84959
9410 9183 11630 35565 13761 76452 18177 83730
2430 20826 7668 44671 20115 89946 20291 94289
10 100000
1717 14485 2785 39389 4792 64711 13247 69620
3660 11102 5028 42099 8222 47201 13659 88217
1596 34929 5079 54441 13059 56354 14316 56875
214 2787 7081 44276 7817 91862 9860 99018
6014 1042 9892 21127 11130 39724 14151 99070
2532 58794 6370 80908 7116 81561 10456 87295
2372 42526 2911 53082 8772 73343 10426 91670
1154 1880 3598 7801 11353 51789 11519 78871
8048 42197 10261 72901 11813 85146 13771 94618
2750 7068 3701 14420 5664 17733 5760 19429
3 62483
22083 37187 23824 37472 36165 57071 44937 79858
1379 12827 28071 30014 30100 91257 44890 91435
21213 46043 36387 65610 41255 70343 41658 91051
5 69078
1024 5563 4865 19771 16857 69236 27908 85836
8788 51296 16589 79252 19778 79390 21661 86967
5078 7273 10333 61046 22498 63629 28135 79532
6729 3062 7988 29174 8632 75005 29072 75610
12507 4911 17004 18174 20388 28716 24108 74046
4 100000
10506 14005 23818 15441 24235 72892 35542 76081
14879 1527 21846 29532 28745 69467 33644 98256
6759 13179 8778 39378 16818 80216 20305 90324
6119 10736 11624 21228 16481 65317 33305 72204
9 90829
6113 14305 6903 21016 11129 77234 13807 94854
3512 28976 3987 32838 7330 40973 10966 82702
5879 1802 9611 25798 11874 31737 16619 73470
2574 37910 7068 49664 11184 95502 12013 99214
968 17571 4821 41377 8294 82691 8888 84781
3519 10658 11272 57409 13538 63461 14896 89908
333 19248 2496 42933 3130 51193 15948 57820
910 8367 11244 20225 11379 57233 16195 95149
829 17570 1916 27583 9389 58363 15591 83742
4 48857
3092 23500 5942 67705 13042 92426 29467 97901
19339 9286 24021 12482 27874 71802 34437 90732
461 3571 1144 5456 9944 84480 14443 88391
15300 51556 18742 60270 25011 63129 36637 67026
8 14682
3553 7694 11020 23429 14628 52905 14772 86670
3146 4115 6295 32885 14116 54817 14158 64110
7249 32315 13771 72742 15401 86132 16992 90419
2368 11564 5570 27838 11263 88236 13888 95108
3782 23800 10512 32818 12200 41951 17514 62313
7804 7022 8999 40520 9226 48011 15910 97247
11095 5715 12239 51076 13902 77604 16768 91231
1554 10561 3703 24438 13538 27551 15200 81578
3 20899
6819 14117 23212 26207 29731 95571 39283 97206
14151 65012 29449 90344 46908 93836 49700 98348
394 48084 4931 49517 7676 56823 38308 65409
8 100000
13567 4802 15877 54678 16372 59717 17362 81958
4391 2145 6519 4112 10531 27952 16059 67332
2309 39396 7276 49221 10255 62327 11341 84487
6344 5994 8721 25755 10096 80466 13641 88053
4578 6460 7063 25638 7727 27937 16872 88284
7171 43681 8462 46993 8645 80293 18123 86516
1774 28162 8319 38707 11390 58060 16409 87690
6380 1561 8232 70522 8264 76314 16472 77137
9 38626
13377 27444 14398 42226 14687 83995 15290 91185
8312 432 12303 22512 14173 36121 16315 80059
903 8429 7012 45185 11510 57510 12449 87617
3584 18990 10257 22573 11982 31577 13093 76187
3167 2871 4633 7337 10121 55613 13954 95080
1958 659 3852 6688 4826 16017 7030 33759
241 2585 3036 44219 5243 65036 7426 70333
566 2621 5519 3850 12009 35419 15532 66476
1243 5967 6704 27356 6943 76779 7039 99682
9 71754
4045 33579 5114 61469 9088 61576 13418 95724
4776 35477 6033 35653 7955 51874 11367 88284
6616 13126 6910 43830 10320 74380 13607 86348
11685 10506 11876 43045 12103 81405 15353 83110
5731 26147 6580 44485 7195 72395 7751 80714
1185 2825 5683 32570 8910 82453 13403 83406
388 35784 3165 76177 10570 85328 12759 94081
718 19324 2926 27340 7682 28090 10635 40198
8141 81 8666 6666 13360 28307 14802 94014
2 24737
10622 34221 24880 45566 53392 67524 64286 70574
30721 10721 49348 39741 51166 43982 62392 48910
3 16854
4733 20902 13271 29686 42249 50622 46008 69255
1670 8639 20633 55937 28339 67402 30706 87120
3758 1355 8955 6230 25111 51159 48284 67646
6 87487
15186 6101 17351 15650 19733 46349 20442 51478
15582 46753 17373 62577 17706 92837 18245 99088
809 45473 11990 57160 16594 64391 23468 86977
9508 11736 16758 46430 17826 76620 19313 96352
15039 41833 15169 59985 16271 64845 18986 69917
10617 3387 11720 58248 22341 77479 24449 78953
2 26956
8073 6572 27930 50989 45907 82265 62815 93022
15253 38077 40512 48050 52712 50813 55240 81466
5 100000
4538 27809 10683 32611 14000 46121 24164 86897
333 17877 16679 27892 20675 35482 26364 49686
8590 5592 9659 5754 20306 34843 29327 74035
257 7362 1222 21754 4114 34351 26853 43714
11958 12581 14193 35675 20535 47026 20634 88013
3 30754
7330 10280 17786 13430 20839 37965 41756 64922
1419 59546 8770 69555 41394 72544 47955 87957
1224 7194 8094 41601 37659 47159 44963 79817
9 24623
2114 13843 6255 19797 10985 69589 16284 86497
125 18470 1400 20948 5472 33496 7702 77564
599 7937 4112 56225 8815 72643 12669 94926
10421 13009 11060 61591 12140 62274 13319 99334
2363 26871 9163 31963 11402 61707 14063 83305
10350 9408 11741 47932 11896 84271 12435 90617
2603 18163 4311 19212 6693 51425 13728 86431
519 12801 5281 44910 6307 70098 7655 99666
7980 43613 8194 49875 13211 68361 13494 76045
10 75622
324 24663 2601 53543 5914 81381 12219 82747
3349 22310 3611 44034 4437 59908 11417 67122
2272 18775 7887 33200 10364 47960 14305 61963
399 32274 3613 52334 4506 52710 6554 66042
3481 18273 5195 44496 9144 66268 12760 87606
2228 44405 3861 55180 8650 61408 11411 89949
823 20578 6390 21829 6914 78728 8111 92472
1450 4670 3696 45729 3880 74735 5552 85291
4862 21203 6027 39723 7902 40440 13707 84804
4364 4240 5673 19321 8912 42508 11562 44544
4 71536
2937 42183 21319 50554 22829 71952 34979 75476
6263 16953 12127 41336 24285 91909 25552 96647
3160 43602 21172 43960 27903 58788 34381 92049
20827 8326 29289 63054 31933 87963 32858 98705
8 51519
1902 14849 6503 23449 9356 46158 13280 84492
10630 69194 13846 85358 18171 86953 18561 97065
435 8485 6882 12819 15617 24406 18622 61135
429 22856 4764 49585 6468 53651 6930 97578
2029 25030 9664 57590 12159 66003 17273 94066
4794 8261 13736 47363 15749 84010 18210 91202
3642 14918 6821 42040 7623 58242 8710 65647
5714 39513 10114 46796 15496 66586 16213 72248
2 18483
3205 50229 7483 51071 36126 51536 68425 92097
16154 29597 38244 40460 52685 74872 63110 93682
8 100000
8851 16537 10324 55472 16078 82955 16608 95708
6581 18822 11154 24399 15654 33615 16875 45133
7932 9862 9705 40469 14960 63488 17688 74526
62 23992 3542 44563 16758 67796 18518 91497
2858 2869 13451 9866 17085 16694 18167 57555
8055 32038 8124 84359 14241 87968 16602 91067
7188 64978 13825 73677 14614 82358 17396 97195
3294 51449 4402 58299 5547 75342 8310 91088
2 91184
36970 47138 55349 76989 61553 97220 70784 98792
12273 9668 56105 52496 61206 74409 67104 78791
3 19312
9466 25808 23801 28800 32689 41259 49895 83608
3468 23222 21149 63983 39842 80876 47753 93071
21141 35035 21577 47235 31899 66919 41316 82053
5 19591
7286 1581 14112 4842 15472 4972 15921 44623
11337 12341 12109 33926 24452 36255 25131 83581
9993 440 10583 17150 15769 50385 22543 70483
12891 23036 13444 28318 18637 48402 26193 66183
13907 14307 15987 49317 18280 72633 24953 98491
10 9317
4932 13687 8904 30908 11255 50224 11497 53043
7545 1624 10726 23773 12986 46487 14962 89328
7710 28749 8832 31738 11364 68513 12952 80283
3001 32477 3905 36292 6528 77829 9358 90556
759 1842 3918 25998 10510 82629 13418 83505
1922 29831 2315 44894 4771 84812 8256 90737
1431 19515 4080 34661 8728 40990 13098 41588
871 21894 5574 40236 8679 40920 9041 79536
339 1756 3167 33451 9938 93841 10290 95869
2641 11447 6461 30889 14238 37515 14838 87841
9 9441
615 34094 6867 83028 15155 85210 15807 90876
3339 4622 10391 20282 11797 87757 13566 88811
7244 8074 11944 8457 14334 74783 16403 90622
1924 3807 2403 11311 10779 32728 14378 35730
7517 39375 10725 70740 11443 81539 11923 86154
696 3898 9926 12557 10380 28273 16340 95391
1775 4462 1810 15931 10572 56908 13596 71101
3284 31585 10353 38025 10553 57682 11677 67031
3052 17727 7057 26309 12164 71344 12249 73533
1 37209
20725 23374 36818 40840 63740 64510 66602 94551
10 14962
8878 19707 9201 20245 11899 41347 13064 50156
1652 5226 11537 14790 11639 37874 11647 91209
3689 9972 4547 29618 5378 69287 8976 70749
1248 65454 5274 76668 11868 79533 14298 86711
3608 16041 7474 40709 9509 64238 14519 68372
1899 12204 2540 27032 3057 35712 12157 72910
690 7112 3040 52524 8306 62401 8890 84454
1988 2366 3730 43082 10136 48545 11733 58709
9540 8180 12244 49227 14640 81398 14723 89279
2196 10191 7461 35727 8860 93361 14736 96270
5 13604
2083 53072 10296 71246 19935 77283 24243 98745
7163 17068 9242 28980 22324 58664 26373 65386
1105 10967 1889 30484 2028 72512 10621 97301
4339 9847 9893 73804 11788 76509 13107 96489
6192 27271 7026 60911 14884 87481 25241 99471
4 95373
9063 25036 20435 46479 30741 64055 34382 67730
5572 15594 14511 30346 22839 30658 27105 38477
13990 1665 15774 21585 26353 31145 28766 90916
680 6386 3066 51416 4244 67004 25212 67389
7 70027
8580 37046 10012 40433 10751 51238 17190 93153
1920 28539 8080 37724 16722 54323 20622 58974
3443 16255 4572 24664 9388 39858 15198 63012
5671 420 6033 7780 9633 17458 14206 74665
5529 6608 5672 24559 14886 87033 14990 94248
2840 3141 6633 24041 9806 76086 15459 78104
6292 20380 9758 21564 12407 32130 14913 46881
7 38246
9016 30500 13465 40698 16931 43083 17418 62312
883 5506 9225 17521 9672 26495 12287 60455
8192 108 16441 19712 17536 20773 17922 27726
2292 8859 13123 38292 18897 38381 20752 53727
3720 2241 7628 15913 8808 48814 14226 98289
496 16689 612 33795 9651 37684 17346 71783
13929 21358 17283 57083 18129 63578 18358 93910
7 70467
5506 15020 9561 36989 11756 79892 15329 88554
324 28797 5760 53804 18515 80217 19854 94311
5244 13555 8806 27553 12867 66895 18117 75563
1308 42292 1947 44611 3199 57684 9679 86060
2675 18268 6430 31032 7597 50093 9160 99409
2285 23359 3141 38106 7264 92504 17774 93505
3346 44587 3812 54382 6892 74780 21137 88606
3 42485
18930 4509 28889 30939 47148 59183 49287 89192
2388 22202 3928 30363 8401 58488 12673 74534
8438 14039 21725 18486 31040 97272 34163 99259
5 47928
763 10775 20163 15696 26767 56714 27935 90428
9548 260 10787 55927 26889 69659 29874 76365
529 3319 9242 7451 19909 73271 24211 85569
1084 4865 18720 26225 24476 40627 27249 59471
7606 21718 8081 41405 18792 49351 20274 68541
2 98868
7502 5103 59609 58091 67284 64665 73067 92925
43951 5339 49402 31567 53427 45092 73825 55105
5 49564
8364 2631 9865 13296 11346 78997 18272 93510
5283 20575 5442 27648 25727 36976 27256 56693
2724 36303 4363 45628 14280 76394 19918 78217
720 52094 7277 87918 10602 89387 16018 94356
355 34226 9009 49714 14634 64555 18655 77626
2 20882
17467 4065 17709 6693 56170 12315 61457 95022
15818 17783 18026 39204 21818 48336 60387 84227
6 73532
7915 54075 13691 74587 13880 92005 16691 94859
10497 33010 11944 35677 13366 85617 23244 94129
6731 5088 12476 46367 14283 81403 21500 93057
9472 31873 12147 51314 20051 88676 24040 93461
3234 20771 17485 62353 17509 62978 24858 86772
15765 60655 16407 67170 19423 75529 22829 80333
7 3875
1740 43658 14586 72576 16346 84840 20040 94387
5230 31717 12020 61770 12904 66202 20322 98761
12382 8781 14519 16028 15748 72524 17480 97644
643 53100 2182 67960 16158 77551 17865 81855
4450 13914 12198 40964 18113 56889 18114 86719
9668 23539 11911 35953 17087 37405 21371 81952
2452 27605 6605 38156 14798 74163 16747 91771
9 100000
5635 13645 7662 51844 8229 58911 15154 88614
130 49477 1098 82700 11441 91222 14297 98519
5296 34336 9287 82689 10363 86207 15493 98180
2649 14766 5775 33547 8109 78405 11829 86806
12670 3126 13880 20222 14289 55185 15470 94382
11649 62639 11805 80521 15972 84004 16634 90179
3653 63548 10688 66237 12737 82195 15558 84153
206 21226 864 22405 11882 68491 14325 68577
896 31417 3837 53781 5323 78072 13957 96088
3 31451
1276 12884 2167 22829 9660 39694 12524 65195
5395 57879 13420 60288 30386 70473 38402 73306
3726 12941 4266 42338 14226 58014 46245 69498
6 98600
9220 18825 17131 52826 23013 59080 23289 69209
2545 694 4635 32817 6149 82051 20030 89541
12849 24803 12964 42007 17989 83601 18389 87743
3173 47516 11088 51350 20224 71783 22967 85350
439 43222 2920 55014 6427 56843 10382 61056
330 5145 13722 8550 18804 9468 21077 85155
7 100000
7681 2445 8462 7548 17011 47586 20715 55503
3545 41488 8108 50363 9130 58778 12830 85196
1279 13031 7068 15358 15992 55075 19242 86765
10062 2707 11891 9804 14083 29444 14342 88228
4496 21019 5057 45811 5456 56628 20642 89101
10154 12934 12979 20664 14690 30696 21222 62743
168 37180 657 40351 1754 45098 3251 56489
5 100000
4592 13963 5478 35854 8013 37619 11873 39495
4486 1789 4837 11535 10163 16687 18805 53076
14741 5491 26736 20737 26743 76292 27508 99773
12226 13971 15078 23255 17237 28865 26971 46777
9444 13787 10332 26947 20082 34159 24636 95323
2 23887
26621 25337 36433 50919 48985 57922 72949 70875
11868 163 21902 16017 25161 66814 65926 87718
9 24069
3498 5408 11593 45296 13346 46042 14522 90777
8876 31035 12682 41155 13636 57801 13788 90099
224 34064 10099 45476 12475 63765 13024 96202
695 13829 1193 29234 3211 33680 9657 76085
6981 26151 11999 37261 16007 44073 16529 87193
647 693 3143 12810 9388 20951 12373 92232
3330 19172 3483 22977 3748 26539 13605 32687
194 14021 1788 33540 4106 76494 11468 78453
4788 39965 5819 66014 8705 84886 15908 99183
2 100000
3160 5137 33966 13311 37045 26666 64757 97151
41311 12679 45147 21736 61744 61695 68768 66149
4 66372
9269 5512 18443 20748 19944 45642 23636 46722
17981 12487 19427 34357 23030 44079 34502 55891
2235 12137 6380 13520 12897 33430 31171 73746
4185 40685 14187 50711 33375 53491 36589 84647
9 11708
1797 864 4730 57012 5164 83834 13982 93062
7062 20529 11460 59293 11773 83812 14761 87619
5932 22986 6070 59893 9963 73291 14725 84602
5000 36083 9651 51973 12958 59838 13865 67489
2074 8947 5948 17094 10416 75174 11846 79659
5851 1251 10073 16569 12271 18017 16357 31945
2395 7505 7930 55156 8470 78947 11206 95310
7275 46172 7457 84733 8965 96224 13165 96283
8223 17693 12236 33197 12581 42224 14988 94304
5 4567
743 45787 9533 46070 24658 54601 29246 87375
1931 6949 2557 13427 14525 26129 23164 96641
6231 3794 6867 17263 23227 21130 25898 92830
20872 43803 21740 86455 21937 87913 25074 94924
2053 21676 5700 35015 15044 37625 23069 75777
7 100000
1577 13267 12892 74367 15128 79204 17276 85722
3425 22093 12202 64789 12513 66355 21182 82515
3783 14443 4446 21400 5561 73484 18409 99868
2727 24081 7513 34530 11846 35631 12918 96711
964 4759 5186 15934 8438 58633 8514 90493
2152 21126 2468 58447 11075 87732 14512 99896
4746 46532 10551 46828 18636 58434 20647 72272
9 37362
3701 49175 6385 59690 14795 60449 16453 76936
4266 16317 6238 17527 7640 76775 9865 83544
4650 12269 4820 38342 8356 65898 10108 70203
8773 20853 12764 55902 14434 84922 15357 88428
1147 8050 7244 20377 7893 67312 12185 93029
2706 948 4685 9850 4843 93367 10796 99904
1018 3549 6475 9447 12608 12588 15389 92142
531 32465 1926 34083 2783 68470 12277 88968
2897 65750 6460 73121 12782 74237 14832 97720
2 15973
95 2461 25995 58029 30784 59012 66296 68760
35035 1964 42884 15317 65658 22565 74552 56479
2 22064
22043 16516 62398 29125 64887 75575 65453 83743
14168 4769 18713 48470 30166 54476 48543 96702
10 100000
2853 44632 3087 79182 4271 80241 9820 95581
1770 7936 9958 9008 11423 41281 13491 52580
731 19572 6068 46446 7575 84504 13677 94188
6453 60034 9594 63914 10251 90567 11395 94470
4149 10191 5129 19746 10949 19957 10992 83783
1270 10478 6571 32447 8377 61042 10937 82054
1921 6839 2203 32595 8309 50626 11323 97890
4303 55673 10371 61393 10668 66431 13937 95376
2400 17852 4254 51853 7833 81319 12392 88151
4412 10710 11224 30871 11336 65370 13972 67921
2 55544
1890 52413 27027 56980 71020 70955 73445 96099
2671 36642 29209 67112 46411 72683 60311 85502
1 27778
1917 31305 2005 67156 43898 71227 64699 90180
5 92002
2816 30920 6295 33601 15289 65038 27692 74302
4344 17113 6814 23300 22715 30543 28232 38733
2186 5132 12499 24358 18098 25678 24563 99060
3752 22122 4606 48535 19714 84094 22956 96478
9701 21686 11274 28481 14939 78246 24003 87292
8 7738
4982 31274 11400 53915 11457 58758 13398 64431
2125 42461 4583 48931 5527 49776 9394 64595
6302 10916 11344 24361 12462 52531 16895 96600
229 48849 11365 53419 12595 68574 15227 81642
6215 16682 7375 26177 9463 72941 17834 84828
752 11542 8581 19886 8850 30700 14228 88433
2029 13727 3294 44422 17680 69826 18251 88199
351 25094 3815 30692 5097 46688 10285 60757








